accuracy: 0.72433250
completeness: 0.14709632
