accuracy: 0.02713159
completeness: 0.10577236
