accuracy: 0.72434739
completeness: 0.11304717
