accuracy: 0.02793806
completeness: 0.31876703
