accuracy: 0.03382495
completeness: 0.82527937
