accuracy: 0.70888268
completeness: 0.18402040
