accuracy: 0.03370777
completeness: 0.82447939
