accuracy: 0.02814789
completeness: 0.25744356
