accuracy: 0.03623315
completeness: 0.82130447
