accuracy: 0.02784086
completeness: 0.82307942
