accuracy: 0.02840331
completeness: 0.47683808
