accuracy: 0.02923377
completeness: 0.97170071
