accuracy: 0.02862187
completeness: 0.45266368
