accuracy: 0.02846287
completeness: 0.84270393
