accuracy: 0.02818446
completeness: 0.25539362
