accuracy: 0.02866603
completeness: 0.45283868
