accuracy: 0.03619411
completeness: 0.82610435
